pos COMBINED_rate Genetic_Map
1 12.946815268233527 0
86585 93.60150292850038 1.121
95634 9.705293276108724 1.968
183009 163.29284750337382 2.816
188196 8.405277086699247 3.663
289085 45.91947063402819 4.511
381573 3514.4628099173565 8.758
382057 746.7134092900967 10.459
383198 200.11008020128952 11.311
395916 421.21212121212125 13.856
403836 244.12296564195296 17.192
408813 116.66478618977781 18.407
426539 860.3042876901796 20.475
430154 133.24952859836566 23.585
436518 640.7278358497875 24.433
439101 54.60191981931105 26.088
456811 100.78933520435015 27.055
485316 2678.8908765652964 29.928
486434 9.813074417543184 32.923
534635 249.8312710911132 33.396
543525 10.037541987749462 35.617
695355 79.96308778687218 37.141
720279 213.2963988919671 39.134
724250 62.9453681710213 39.981
737722 51.44113336590119 40.829
758192 5.241927720122449 41.882
965940 11.98603366512069 42.971
1100263 6.737402195835912 44.581
1355109 38.70389818990549 46.298
1387483 121.59965319171994 47.551
1396710 2.9613023554550835 48.673
1720554 11.430154487973422 49.632
2027374 234.65723913163552 53.139
2045477 111.2688782754617 57.387
2053224 391.341256366722 58.249
2055580 466.54749744637337 59.171
2059496 36.58757471472569 60.998
2076059 11.475590493332826 61.604
2212174 112.87226398704522 63.166
2305421 20.174428171795277 73.691
2366191 26.114619438772955 74.917
2408313 416.0766347355308 76.017
2410714 16.151219433250642 77.016
2472505 78.91104294478609 78.014
2485545 86.46581905288352 79.043
2507253 70.13136171129165 80.92
2521184 3.7043784538774482 81.897
2784656 77.95253863134626 82.873
2806400 39.42004817491195 84.568
2827988 22.152804893921623 85.419
2866403 53.67213738039467 86.27
2882184 736.1803598525906 87.117
2886797 4091.787439613499 90.513
2887004 120.3007518796991 91.36
2894053 411.1427409516046 92.208
2896512 53.1785139288678 93.219
2917009 78.88370995338977 94.309
2950907 1108.4967320261424 96.983
2952437 127.25360576922989 98.679
2959093 163.58024691358005 99.526
2964277 98.08917197452327 100.374
2972912 278.6723627998682 101.221
2975955 359.35511243105395 102.069
2978312 606.1472480343094 102.916
2979711 781.9687212511578 103.764
2980798 5599.118942731281 104.614
2981252 1769.3110647181556 107.156
2982210 94.57952264108843 108.851
2991176 115.3233513857915 109.699
3000593 31.412854661262536 110.785
3035133 508.54572713643114 111.87
3038468 677.5999999999954 113.566
3039718 43.76635291719041 114.413
3069147 1.5177177679738498 115.701
4108866 26.35286210952143 117.279
4186239 93.56062751316765 119.318
4203896 23.122221202145724 120.97
4280143 105.0526945212644 122.733
4306901 38.21196827685648 125.544
4329093 122.89611143354736 126.392
4335985 30.531053105309983 127.239
4363760 241.1731207289318 128.087
4367272 16.97765676303382 128.934
4417220 204.4058462190221 129.782
4421941 297.5053895903849 130.747
4425188 413.7762579384506 131.713
4427235 2663.5294117646954 132.56
4428510 639.5939086294453 135.956
4429889 513.8940348277141 136.838
4432588 75.91190640055119 138.225
4461648 409.26640926640187 140.431
4463720 3738.0952380952385 141.279
4464056 29.562632832100135 142.535
4526635 24.064621755669997 144.385
4609703 3.8154065451090404 146.384
5030628 53.95775006362845 147.99
5046344 2347.7859778597935 148.838
5047428 1040.0490396403707 151.383
5049875 3119.266055045903 153.928
5050202 67.73701320241402 154.948
5065275 50.032450292053404 155.969
5082224 4952.258064516121 156.817
5083774 248.02342606149585 164.493
5087189 428.87430590610705 165.34
5097094 268.5478757133825 169.588
5100248 743.8596491227936 170.435
5101388 54.72283240728831 171.283
5116866 84.5716565273774 172.13
5126893 188.3081896551719 172.978
5134317 3.2320560777912806 174.376
5566859 1938.808373590972 175.774
5568101 84.61332977160478 178.182
5598049 30.99865472135554 180.716
5667923 16.629521686953357 182.882
5755418 187.15018656716632 184.337
5763994 16.424634153165904 185.942
5906950 92.47546346783132 188.29
5916120 226.7728018472382 189.138
5932577 908.5461999369285 192.87
5935748 149.59234314072918 195.751
5947032 245.15195369030636 197.439
5950487 417.01499877059206 198.286
5954554 17.432060189943947 199.982
6003200 383.71040723981855 200.83
6007620 1623.563218390798 202.526
6008664 100.14120969639905 204.221
6017162 291.0830201571588 205.072
6020089 40.34558306808314 205.924
6044280 1.047523058886244 206.9
7053327 9.504693311293545 207.957
7154961 11.479350673905333 208.923
7229007 83.87223202037963 209.773
7239213 230.21686054861536 210.629
7246176 91.7641660931403 212.232
7263612 1706.6988533494284 213.832
7265269 33.677564682180716 216.66
7328308 8.513450175570732 218.783
7588602 46.997638189755925 220.999
7630519 66.60698299015269 222.969
7658444 33.93821160088126 224.829
7717905 776.5734265734278 226.847
7720765 257.0175438596464 229.068
7724185 204.6035805626588 229.947
7728486 60.47470153496298 230.827
7742558 88.4127314333258 231.678
7761786 934.065934065959 233.378
7762696 965.8314350797093 234.228
7763574 803.3311979500352 235.076
7766696 351.7095149748206 237.584
7774242 250.78219013237103 240.238
7778397 2717.9487179487146 241.28
7779021 480.24830699774213 242.976
7780793 12347.826086956578 243.827
7780862 356.00335852224384 244.679
7783244 295.1999999999998 245.527
7786994 1199.250468457224 246.634
7788595 1565.4545454545273 248.554
7789145 29.385807661546103 249.415
7861663 138.87971827885997 251.546
7879837 228.1155670547675 254.07
7886794 14.115145691305306 255.657
8151120 15.04845950789044 259.388
8254918 50.3727950536463 260.95
8276914 675.1373626373655 262.058
8278370 78.79458114459665 263.041
8289221 10.521299215484884 263.896
8371055 3.537837604625034 264.757
8614424 76.45695954375371 265.618
8625646 19.34121813352649 266.476
8669697 13.638027339709858 267.328
8732536 65.78490726101946 268.185
8758469 9.3921614125807 269.891
8848970 209.5996325499502 270.741
8862033 87.27066657221987 273.479
8876150 15.316550671392319 274.711
8953452 164.73771231023653 275.895
8960105 66.28925021394281 276.991
8975296 22.891533893979748 277.998
9012515 339.72055888223514 278.85
9017525 120.50220036241045 280.552
9025251 143.2536622976058 281.483
9031736 92.39307868103361 282.412
9050114 1355.2881570614227 284.11
9051693 56.242111905763835 286.25
9089725 348.48484848483525 288.389
9092233 234.6830047948931 289.263
9095987 202.45455384331612 290.144
9106824 354.3765073059995 292.338
9113873 19.004785268641278 294.836
9245945 1846.1538461538505 297.346
9247674 92.56718315986623 300.538
9277555 3147.0215462610954 303.304
9278344 104.98392905549366 305.787
9304167 1073.836961160913 308.498
9306510 3041.8604651162623 311.014
9307370 18.627006324489088 313.63
9466118 22.708878390333066 316.587
9572376 1744.680851063867 319
9573034 1020.7612456747393 320.148
9575057 15.087178270667536 322.213
9785832 2649.1754122939324 325.393
9786499 1782.6433121018915 327.16
9787755 3763.6815920397435 329.399
9788157 1141.4885777450306 330.912
9790871 24.591587572410653 334.01
9888750 47.22565259975339 336.417
9935716 2441.2607449856846 338.635
9936414 809.1796169136162 340.339
9939181 96.63320685846023 342.578
9960002 865.354330708698 344.59
9961272 331.06664076159916 345.689
9966419 469.1154669741415 347.393
9972490 76.77089255258744 350.241
10016465 1133.029612756249 353.617
10018660 22.41083459053616 356.104
10105493 85.49528301886753 358.05
10127541 17.086472683710856 359.935
10222704 4.586424325770954 361.561
10504841 20.306565382527907 362.855
10578561 741.4571244358699 364.352
10580112 34.66767477352598 365.502
10651533 61.829132060807595 367.978
10672122 1250.0000000000055 369.251
10673814 57.25738739470851 371.366
10710735 36.6670142872037 373.48
10758680 4.184553964588759 375.238
11247621 41.72501543419035 377.284
11314032 357.1297485777151 380.055
11319481 217.89826555895706 382.001
11326342 376.79401657570907 383.496
11331289 19.682195738533444 385.36
11419897 14.56668303790694 387.104
11509485 125.33992583436466 388.409
11517575 4.803392188690432 389.423
11728884 10.733517244702744 390.438
11811895 57.9882359931079 391.329
11828726 33.00118223273013 392.305
11858331 28.86384915894506 393.282
11889304 290.1998097050493 394.176
11893508 421.6687952320124 395.396
11898206 106.41383156720667 397.377
11907171 5.980926803869382 398.331
12053135 15.257369115706442 399.204
12109960 226.2412103132302 400.071
12128732 1049.8753117206966 404.318
12131940 622.8013029316074 407.686
12135010 8.190320944309143 409.598
12485912 19.644139471794826 412.472
12611242 201.0759919300554 414.934
12617190 425.6999282124956 416.13
12624155 3790.732436472264 419.095
12624824 14.588383158272736 421.631
12736214 13.415467850658612 423.256
12872251 10.741741847158094 425.081
13043173 2056.856187291 426.917
13043771 1052.7777777777915 428.147
13045211 3559.276018099541 429.663
13046316 5.348234292429657 433.596
13438595 14858.108108107808 435.694
13438743 5.0728832289639 437.893
13913818 5044.69273743012 440.303
13914176 1326.9439421338298 442.109
13916941 45.17878432986191 445.778
14011720 2307.692307692339 450.06
14012227 655.1912568305768 451.23
14014057 37.11299657245677 452.429
14049651 274.8849600387481 453.75
14053780 618.8073394495365 454.885
14055960 1640.8629441624448 456.234
14056748 450.08605851979013 457.527
14059072 174.20464316423622 458.573
14064887 1488.5764499120914 459.586
14065456 2130.1460823372972 460.433
14066209 5.992247491474718 462.037
14392297 35.693599768318414 463.991
14433733 197.11276557109065 465.47
14444747 448.75189107412825 467.641
14450035 119.97925003705349 470.014
14477023 10.943826478852955 473.252
14588410 40.719235811949396 474.471
14615105 527.4853801169623 475.558
14617670 1006.2456627342045 476.911
14619111 325.4013761467864 478.361
14626087 17.29270919110726 480.631
14689235 76.31271878646398 481.723
14702090 34.001174704691415 482.704
14732736 294.45757814553133 483.746
14736543 2013.49831271087 484.867
14737432 17.82337633160463 486.657
14844258 65.8903444929657 488.561
14875173 47.79779103993902 490.598
14912204 548.0392156862814 492.368
14915264 24.449380287899206 494.045
14974243 26.661464429702704 495.487
14989621 4463.157894736836 495.897
14990381 828.4497871274713 499.289
14998367 16.9965182334616 505.905
15063851 33.11902755939239 507.018
15285808 34.036555214085 514.369
15329085 49.84154422356722 515.842
15346440 22.131582316683488 516.707
15401113 48.511063051072036 517.917
15431168 7.840353622533595 519.375
