pos COMBINED_rate Genetic_Map
1 17.822078032954835 0
93704 16.342577424887736 1.67
145593 16.26656424044556 2.518
197663 460.3691639522258 3.365
199505 18.551778517609943 4.213
245161 72.4352951225763 5.06
256868 228.3056122619725 5.908
286749 245.0810185185184 12.73
290205 105.43667578999752 13.577
306281 153.91593589355912 15.272
322816 10.536922770700652 17.817
403200 77.43770111501908 18.664
470015 150.27678280690301 23.838
476157 42.79544562230074 24.761
496533 18.351698998617366 25.633
544267 1079.4532251174714 26.509
546608 73.37780473013929 29.036
558151 870.6365503080108 29.883
559125 950.8065804184629 30.731
565386 1276.7295597484285 36.684
566181 34.50534298517757 37.699
624201 4.645848772709923 39.701
980433 615.8129175946557 41.356
982229 81.24253285543587 42.462
1003154 1128.2051282051323 44.162
1004012 242.05967276227148 45.13
1008168 311.2745098039201 46.136
1011024 101.63021048287241 47.025
1020716 249.80851296640787 48.01
1029855 3.771433583300447 50.293
1235082 18232.39436619717 51.067
1235224 320.3626747261046 53.656
1237871 230.97900190891775 54.504
1241538 376.55279503105623 55.351
1250554 1194.3661971830973 58.746
1251974 436.1084220716359 60.442
1256106 14.784381934864708 62.244
1322798 266.98593235558303 63.23
1326139 10.340610507707014 64.122
1408726 16.421713477431116 64.976
1511943 413.05406721870384 66.671
1513996 39.65469485735365 67.519
1535658 1242.7745664739875 68.378
1536350 481.56551332955405 69.238
1538113 28.807793587468773 70.087
1715079 297.64416315049186 75.185
1720767 14.764002298170151 76.878
1835641 201.37734504868178 78.574
1839852 173.37693303358552 79.422
1854531 317.68054073283554 81.967
1857342 7.0417390457327445 82.86
2103730 5.2590125707765045 84.595
2264977 525.4342431761839 85.443
2266589 180.44526375496224 86.29
2280693 38.5547644296319 88.835
2346703 135.06617764312045 91.38
2352974 78.63136909453372 92.227
2374543 893.4599156118082 93.923
2375491 56.78698185227341 94.77
2390424 70.20590424212385 95.618
2402517 241.25177809388308 96.467
2406032 108.06677711227208 97.315
2413879 133.01999403163242 98.163
2427283 1028.9760348583877 99.946
2431873 15.481049247058133 104.669
2524244 712.2483221476422 106.099
2525436 156.30712979890384 106.948
2530906 880.5355303810546 107.803
2531877 87.08685626441219 108.658
2557897 19.319675955380173 110.924
2699359 11.722185715007848 113.657
2897189 65.97136813105692 115.976
2917516 396.1417676087976 117.317
2919745 230.17262947210452 118.2
2927739 110.71896168953111 120.04
2945306 20.756208144420047 121.985
2993388 32.51907811481378 122.983
3019465 8.322470158218952 123.831
3215080 15.81580108871586 125.459
3228674 4786.096256684471 125.674
3228861 14.3485342019544 126.569
3290261 255.68876926841244 127.45
3294348 4.58058530563764 128.495
3551957 28.17302895693229 129.675
3594054 33.863549813985 130.861
3628191 3.817955761592307 132.017
3900850 64.95070369534128 133.058
3914137 108.6696204047418 133.921
3930839 80.32719836400813 135.736
3943064 1281.481481481495 136.718
3943739 711.5505996212928 137.583
3948492 59.656289618256686 140.965
3962690 119.8925491304941 141.812
3969763 298.15016322089326 142.66
3976196 30.804253234590334 144.578
4010899 57.67530435965539 145.647
4025602 619.4302410518619 146.495
4028340 1004.7449584816231 148.191
4029183 621.7311233885777 149.038
4031898 96.45198210383856 150.726
4041509 20.10986273090775 151.653
4125796 279.0391576176323 153.348
4128835 268.57548509228593 154.196
4141513 376.38136511375836 157.601
4146128 17.83755231400622 159.338
4195350 63.64996260284212 160.216
4208720 141.99348938149075 161.067
4215171 19.64816996465743 161.983
4265252 5.311887776375113 162.967
4440331 1194.9458483754452 163.897
4441162 5.943368267909629 164.89
4626747 10.351500122113922 165.993
4733205 164.40970084943936 167.095
4749451 373.3993512036899 169.766
4755308 22.622198694194648 171.953
4811978 115.671226782337 173.235
4820969 29.38519731270809 174.275
4856395 288.3226324237527 175.316
4861379 14.35139013889235 176.753
4943601 113.45381526104372 177.933
4958541 2520.718232044203 179.628
4959989 487.1346490132443 183.278
4963992 168.49015317286253 185.228
4969019 1418.0602006689185 186.075
4969617 346.27964022894867 186.923
4972063 1253.268765133169 187.77
4974128 208.5285848172414 190.358
4978396 625.2305422353454 191.248
4981107 2110.714285714284 192.943
4984747 132.30240549827866 200.626
4987657 75.64180089055054 201.011
5005848 66.3977660564687 202.387
5031632 45.640093755761086 204.099
5069603 345.74290484140204 205.832
5075593 451.48379539242484 207.903
5085837 702.76140242011 212.528
5089060 1.3366052194723144 214.793
6817319 208.37546343107388 217.103
6829187 13.62708961301768 219.576
6948288 607.0811744386776 221.199
6950604 882.5541619156224 222.605
6952358 66.94462662793975 224.153
6973704 102.33509629777548 225.582
6993746 107.20606826801325 227.633
7001656 461.8320610687069 228.481
7003490 87.54903985133024 229.328
7013176 730.7386814932612 230.176
7014435 96.7877388200715 231.096
7047776 61.00773917339039 234.323
7072068 209.07079646017442 235.805
7077492 743.8744257274166 236.939
7080104 77.11121204709806 238.882
7108725 79.06001321497342 241.089
7143534 31.041878315837646 243.841
7152393 1397.8040540540312 244.116
7153577 271.300448430496 245.771
7156699 65.87102983638162 246.618
7182674 260.2533172496983 248.329
7185990 392.81144585320243 249.192
7194587 169.00093370681628 252.569
7199942 37.03703703703766 253.474
7224296 79.56142816980504 254.376
7234967 509.2981403719363 255.225
7236634 254.19664268585527 256.074
7239970 297.99695443363976 256.922
7248507 79.8240174110434 259.466
7333970 72.94829128210125 266.288
7498333 13.020385343196116 278.278
7684349 21.089525635456997 280.7
7751112 61.77338191913839 282.108
7774164 11.25532955296106 283.532
7890731 212.06810215322483 284.844
7894725 277.777777777784 285.691
7898019 262.4174562159022 286.606
7901502 1049.504950495066 287.52
7902310 1346.8575974542432 288.368
7903567 2712.218649517704 290.061
7905433 1756.7030784508495 295.122
7906440 242.07821866969923 296.891
7909943 1308.6419753086623 297.739
7911887 611.391492429673 300.283
7913274 447.9661912308575 301.131
7915167 1034.9877949552642 301.979
7917625 129.32743632758218 304.523
7924182 4.8115978254079455 305.371
8100215 429.8023314749036 306.218
8104161 170.1791953116185 307.914
8113034 103.18634704548181 309.424
8123171 8.387989848719482 310.47
8305217 10.810810810810432 311.997
8401417 3.706018346538995 313.037
8630234 2.800718367133863 313.885
9243291 86.45418326693743 315.602
9253331 32.574142638093456 316.47
9280070 107.92004048583105 317.341
9287974 363.6904054214682 318.194
9296385 8.016869966732761 321.253
9516421 45.5020374046604 323.017
9554705 6.612574435395636 324.759
9753871 39.51969795438328 326.076
9786184 7.4148791192281776 327.353
10065757 1845.1492537314043 329.426
10066293 46.05931588369046 330.415
10086962 92.91412482402446 331.367
10108272 140.7766990291298 333.347
10116306 226.77010879258128 334.478
10127520 38.969287302090486 337.021
10149563 96.22031691879467 337.88
10194117 2408.1081081081606 342.167
10194487 1595.704948646128 343.058
10195558 543.5255712731358 344.767
10197396 1276.8653214453325 345.766
10199527 682.44949494947 348.487
10201111 90.96634874932735 349.568
10212225 40.972264003369354 350.579
10262088 7.326314779730809 352.622
10428884 388.88888888889323 353.844
10431170 4.047829303802063 354.733
10640665 8.230931997747717 355.581
10743691 173.58979605756878 356.429
10758352 106.0416972544417 358.974
10785596 117.42658564098825 361.863
10923001 153.45638798407768 377.998
10934053 87.0324702013954 379.694
10943785 97.70710911395473 380.541
10952464 90.5416329830213 381.389
10966071 38.56710732691042 382.621
11001775 123.71696877047187 383.998
11010933 41.86125498853897 385.131
11034487 409.8939929328554 386.117
11037034 58.94653554877396 387.161
11054728 141.35864135864097 388.204
11068742 29.669842378961956 390.185
11143161 25.845773667371017 392.393
11251612 27.42717611858119 395.196
11309766 749.4513533284485 396.791
11312500 212.5472589792102 398.84
11320964 272.96969696969126 400.639
11325089 36.15189105117528 401.765
11351450 1825.4310344827154 402.718
11351914 78.28518173345527 403.565
11362644 3.07023154662905 404.405
